0.0187502
0.0375004
0.0562506
0.0750008
0.0937509
0.112501
0.131251
0.150002
0.168752
0.187502
0.206252
0.225002
0.243752
0.262503
0.281253
0.300003
0.318753
0.337503
0.356254
0.375004
0.393754
0.412504
0.431254
0.450005
0.468755
0.487505
0.506255
0.525005
0.543755
0.562506
0.581256
0.600006
0.618756
0.637506
0.656257
0.675007
0.693757
0.712507
0.731257
0.750008
0.768758
0.787508
0.806258
0.825008
0.843758
0.862509
0.881259
0.900009
0.918759
0.937509
0.95626
0.97501
0.99376
1.01251
1.03126
1.05001
1.06876
1.08751
1.10626
1.12501
1.14376
1.16251
1.18126
1.20001
1.21876
1.23751
1.25626
1.27501
1.29376
1.31251
1.33126
1.35001
1.36876
1.38751
1.40626
1.42501
1.44376
1.46251
1.48126
1.50002
1.51877
1.53752
1.55627
1.57502
1.59377
1.61252
1.63127
1.65002
1.66877
1.68752
1.70627
1.72502
1.74377
1.76252
1.78127
1.80002
1.81877
1.83752
1.85627
1.87502
1.89377
1.91252
1.93127
1.95002
1.96877
1.98752
2.00627
2.02502
2.04377
2.06252
2.08127
2.10002
2.11877
2.13752
2.15627
2.17502
2.19377
2.21252
2.23127
2.25002
2.26877
2.28752
2.30627
2.32502
2.34377
2.36252
2.38127
2.40002
2.41877
2.43752
2.45627
2.47502
2.49377
2.51253
2.53128
2.55003
2.56878
2.58753
2.60628
2.62503
2.64378
2.66253
2.68128
2.70003
2.71878
2.73753
2.75628
2.77503
2.79378
2.81253
2.83128
2.85003
2.86878
2.88753
2.90628
2.92503
2.94378
2.96253
2.98128
3.00003
3.01878
3.03753
3.05628
3.07503
3.09378
3.11253
3.13128
3.15003
3.16878
3.18753
3.20628
3.22503
3.24378
3.26253
3.28128
3.30003
3.31878
3.33753
3.35628
3.37503
3.39378
3.41253
3.43128
3.45003
3.46878
3.48753
3.50629
3.52504
3.54379
3.56254
3.58129
3.60004
3.61879
3.63754
3.65629
3.67504
3.69379
3.71254
3.73129
3.75004
3.76879
3.78754
3.80629
3.82504
3.84379
3.86254
3.88129
3.90004
3.91879
3.93754
3.95629
3.97504
3.99379
4.01254
4.03129
4.05004
4.06879
4.08754
4.10629
4.12504
4.14379
4.16254
4.18129
4.20004
4.21879
4.23754
4.25629
4.27504
4.29379
4.31254
4.33129
4.35004
4.36879
4.38754
4.40629
4.42504
4.44379
4.46254
4.48129
4.50005
4.5188
4.53755
4.5563
4.57505
4.5938
4.61255
4.6313
4.65005
4.6688
4.68755
4.7063
4.72505
4.7438
4.76255
4.7813
4.80005
4.8188
4.83755
4.8563
4.87505
4.8938
4.91255
4.9313
4.95005
4.9688
4.98755
5.0063
5.02505
5.0438
5.06255
5.0813
5.10005
5.1188
5.13755
5.1563
5.17505
5.1938
5.21255
5.2313
5.25005
5.2688
5.28755
5.3063
5.32505
5.3438
5.36255
5.3813
5.40005
5.4188
5.43755
5.4563
5.47505
5.4938
5.51256
5.53131
5.55006
5.56881
5.58756
5.60631
5.62506
5.64381
5.66256
5.68131
5.70006
5.71881
5.73756
5.75631
5.77506
5.79381
5.81256
5.83131
5.85006
5.86881
5.88756
5.90631
5.92506
5.94381
5.96256
5.98131
6.00006
6.01881
6.03756
6.05631
6.07506
6.09381
6.11256
6.13131
6.15006
6.16881
6.18756
6.20631
6.22506
6.24381
6.26256
6.28131
6.30006
6.31881
6.33756
6.35631
6.37506
6.39381
6.41256
6.43131
6.45006
6.46881
6.48756
6.50632
6.52507
6.54382
6.56257
6.58132
6.60007
6.61882
6.63757
6.65632
6.67507
6.69382
6.71257
6.73132
6.75007
6.76882
6.78757
6.80632
6.82507
6.84382
6.86257
6.88132
6.90007
6.91882
6.93757
6.95632
6.97507
6.99382
7.01257
7.03132
7.05007
7.06882
7.08757
7.10632
7.12507
7.14382
7.16257
7.18132
7.20007
7.21882
7.23757
7.25632
7.27507
7.29382
7.31257
7.33132
7.35007
7.36882
7.38757
7.40632
7.42507
7.44382
7.46257
7.48132
7.50008
7.51883
7.53758
7.55633
7.57508
7.59383
7.61258
7.63133
7.65008
7.66883
7.68758
7.70633
7.72508
7.74383
7.76258
7.78133
7.80008
7.81883
7.83758
7.85633
7.87508
7.89383
7.91258
7.93133
7.95008
7.96883
7.98758
8.00633
8.02508
8.04383
8.06258
8.08133
8.10008
8.11883
8.13758
8.15633
8.17508
8.19383
8.21258
8.23133
8.25008
8.26883
8.28758
8.30633
8.32508
8.34383
8.36258
8.38133
8.40008
8.41883
8.43758
8.45633
8.47508
8.49383
8.51259
8.53134
8.55009
8.56884
8.58759
8.60634
8.62509
8.64384
8.66259
8.68134
8.70009
8.71884
8.73759
8.75634
8.77509
8.79384
8.81259
8.83134
8.85009
8.86884
8.88759
8.90634
8.92509
8.94384
8.96259
8.98134
9.00009
9.01884
9.03759
9.05634
9.07509
9.09384
9.11259
9.13134
9.15009
9.16884
9.18759
9.20634
9.22509
9.24384
9.26259
9.28134
9.30009
9.31884
9.33759
9.35634
9.37509
9.39384
9.41259
9.43134
9.45009
9.46884
9.48759
9.50635
9.5251
9.54385
9.5626
9.58135
9.6001
9.61885
9.6376
9.65635
9.6751
9.69385
9.7126
9.73135
9.7501
9.76885
9.7876
9.80635
9.8251
9.84385
9.8626
9.88135
9.9001
9.91885
9.9376
9.95635
9.9751
9.99385
10.0126
10.0314
10.0501
10.0689
10.0876
10.1064
10.1251
10.1439
10.1626
10.1814
10.2001
10.2189
10.2376
10.2564
10.2751
10.2939
10.3126
10.3314
10.3501
10.3689
10.3876
10.4064
10.4251
10.4439
10.4626
10.4814
10.5001
10.5189
10.5376
10.5564
10.5751
10.5939
10.6126
10.6314
10.6501
10.6689
10.6876
10.7064
10.7251
10.7439
10.7626
10.7814
10.8001
10.8189
10.8376
10.8564
10.8751
10.8939
10.9126
10.9314
10.9501
10.9689
10.9876
11.0064
11.0251
11.0439
11.0626
11.0814
11.1001
11.1189
11.1376
11.1564
11.1751
11.1939
11.2126
11.2314
11.2501
11.2689
